00100100111010
00100101000001
00100101000111
00100101001101
00100101001101
00100101010011
00100101010011
00100101010011
00100101011010
00100101011010
00100101100000
00100101100110
00100101100110
00100101100110
00100101101100
00100101101100
00100101101100
00100101110011
00100101101100
00100101101100
00100101110011
00100101111001
00100101111001
00100101111001
00100101111001
00100101111111
00100101111001
00100101111001
00100101111111
00100101111111
00100110000101
00100110000101
00100110000101
00100110001100
00100110001100
00100110010010
00100110001100
00100110001100
00100110001100
00100110010010
00100110010010
00100110010010
00100110010010
00100110001100
00100110010010
00100110010010
00100110010010
00100110011000
00100110011000
00100110011000
00100110011000
00100110011000
00100110011000
00100110011000
00100110011110
00100110011000
00100110011110
00100110011110
00100110011110
00100110011110
00100110011000
00100110011000
00100110011110
00100110011110
00100110011110
00100110011110
00100110100101
00100110011110
00100110011110
00100110100101
00100110011110
00100110011110
00100110100101
00100110100101
00100110100101
00100110100101
00100110100101
00100110011110
00100110100101
00100110100101
00100110100101
00100110100101
00100110011110
00100110100101
00100110011110
00100110011110
00100110100101
00100110011110
00100110100101
00100110100101
00100110100101
00100110100101
00100110100101
00100110100101
00100110101011
00100110100101
00100110101011
00100110100101
00100110100101
00100110101011
00100110100101
00100110100101
00100110011110
00100110011110
00100110100101
00100110100101
00100110100101
00100110100101
00100110100101
00100110100101
00100110100101
00100110100101
00100110101011
00100110101011
00100110101011
00100110101011
00100110101011
00100110101011
00100110101011
00100110110001
00100110110001
00100110110001
00100110101011
00100110101011
00100110110001
00100110110001
00100110110001
00100110110001
00100110110001
00100110110001
00100110110001
00100110110001
00100110110001
00100110110001
00100110110111
00100110110111
00100110110111
00100110110111
00100110111110
00100110110111
00100110110111
00100110110111
00100110110111
00100110110111
00100110110111
00100110110111
00100110110111
00100110111110
00100110111110
00100110111110
00100110110111
00100110111110
00100111000100
00100111000100
00100110111110
00100110111110
00100110111110
00100111000100
00100111000100
00100110111110
00100110110111
00100110111110
00100111000100
00100110111110
00100110111110
00100110111110
00100110111110
00100111000100
00100110111110
00100111000100
00100111000100
00100110111110
00100110111110
00100110111110
00100110111110
00100110111110
00100110111110
00100111000100
00100110111110
00100111000100
00100111000100
00100111001010
00100111000100
00100111000100
00100111000100
00100111000100
00100111001010
00100111000100
00100111000100
00100111000100
00100111000100
00100111000100
00100111001010
00100111000100
00100111001010
00100111000100
00100111000100
00100111000100
00100111000100
00100111000100
00100111000100
00100111000100
00100111000100
00100111000100
00100111000100
00100111000100
00100111000100
00100111000100
00100111000100
00100110111110
00100110111110
00100111000100
00100110111110
00100111000100
00100111000100
00100111000100
00100111000100
00100111000100
00100111000100
00100110111110
00100111000100
00100111000100
00100111000100
00100110111110
00100111000100
00100111000100
00100111000100
00100111000100
00100111001010
00100111000100
00100111001010
00100111001010
00100111001010
00100111001010
00100111001010
00100111001010
00100111010000
00100111010000
00100111010000
00100111010000
00100111010000
00100111010000
00100111010000
00100111010000
00100111010111
00100111010111
00100111010111
00100111010111
00100111010111
00100111010111
00100111010111
00100111011101
00100111010111
00100111010111
00100111011101
00100111011101
00100111011101
00100111010111
00100111010111
00100111010111
00100111011101
00100111011101
00100111011101
00100111011101
00100111011101
00100111011101
00100111011101
00100111011101
00100111011101
00100111011101
00100111011101
00100111011101
00100111100011
00100111011101
00100111100011
00100111100011
00100111100011
00100111101001
00100111101001
00100111100011
00100111101001
00100111101001
00100111110000
00100111101001
00100111101001
00100111101001
00100111110000
00100111110000
00100111110000
00100111110000
00100111110110
00100111110000
00100111110000
00100111110000
00100111110000
00100111110000
00100111110110
00100111110000
00100111110000
00100111110110
00100111110110
00100111110000
00100111110110
00100111110000
00100111110110
00100111110110
00100111110110
00100111110110
00100111110110
00100111110110
00100111110110
00100111110110
00100111110110
00100111110110
00100111110000
00100111110000
00100111110000
00100111110000
00100111110000
00100111110000
00100111110000
00100111110000
00100111111100
00100111110110
00100111110110
00100111110110
00100111110110
00100111110110
00100111110000
00100111110000
00100111110000
00100111101001
00100111110000
00100111101001
00100111110000
00100111101001
00100111101001
00100111101001
00100111101001
00100111101001
00100111101001
00100111101001
00100111101001
00100111101001
00100111100011
00100111101001
00100111101001
00100111101001
00100111101001
00100111100011
00100111100011
00100111100011
00100111100011
00100111101001
00100111101001
00100111100011
00100111101001
00100111100011
00100111101001
00100111101001
00100111100011
00100111100011
00100111100011
00100111100011
00100111101001
00100111100011
00100111101001
00100111101001
00100111100011
00100111100011
00100111101001
00100111101001
00100111101001
00100111101001
00100111101001
00100111101001
00100111101001
00100111101001
00100111101001
00100111101001
00100111100011
00100111110000
00100111101001
00100111101001
00100111101001
00100111101001
00100111100011
00100111101001
00100111101001
00100111101001
00100111100011
00100111101001
00100111101001
00100111101001
00100111100011
00100111101001
00100111101001
00100111100011
00100111011101
00100111100011
00100111100011
00100111011101
00100111100011
00100111011101
00100111100011
00100111011101
00100111100011
00100111100011
00100111100011
00100111100011
00100111100011
00100111100011
00100111101001
00100111101001
00100111101001
00100111101001
00100111101001
00100111101001
00100111101001
00100111101001
00100111101001
00100111101001
00100111101001
00100111101001
00100111101001
00100111101001
00100111101001
00100111100011
00100111101001
00100111101001
00100111101001
00100111101001
00100111101001
00100111101001
00100111101001
00100111101001
00100111101001
00100111101001
00100111100011
00100111100011
00100111101001
00100111100011
00100111100011
00100111100011
00100111100011
00100111100011
00100111100011
00100111100011
00100111100011
00100111100011
00100111100011
00100111100011
00100111011101
00100111100011
00100111011101
00100111011101
00100111011101
00100111011101
00100111011101
00100111100011
00100111011101
00100111100011
00100111011101
00100111011101
00100111011101
00100111011101
00100111011101
00100111100011
00100111100011
00100111011101
00100111011101
00100111100011
00100111011101
00100111011101
00100111011101
00100111011101
00100111100011
00100111011101
00100111011101
00100111011101
00100111011101
00100111010111
00100111010111
00100111010111
00100111010111
00100111010111
00100111011101
00100111010111
00100111011101
00100111011101
00100111011101
00100111011101
00100111011101
00100111011101
00100111011101
00100111011101
00100111011101
00100111011101
00100111011101
00100111011101
00100111011101
00100111100011
00100111100011
00100111100011
00100111100011
00100111100011
00100111100011
00100111100011
00100111101001
00100111100011
00100111101001
00100111101001
00100111100011
00100111101001
00100111100011
00100111101001
00100111110000
00100111101001
00100111101001
00100111110000
00100111110000
00100111110000
00100111110000
00100111110110
00100111110110
00100111110110
00100111111100
00100111111100
00100111111100
00100111111100
00100111111100
00100111111100
00101000000010
00101000000010
00101000001001
00101000001111
00101001000001
00101001101101
00101010010010
00101010110001
00101011000100
00101011011101
00101011110110
00101100000011
00101100010101
00101100101110
00101100010101
00101100001111
00101100101000
00101101000001
00101101011010
00101101110011
00101110000110
00101110011111
00101110111110
00101111100100
00110000011100
00110001011010
00110010100110
00110011110001
00110101001000
00110110100110
00111000000100
00111001010101
00111010101100
00111011110111
00111101000010
00111110000111
00111111000110
01000000001010
01000001001001
01000010001110
01000011001100
01000100001011
01000101001001
01000110001000
01000111000000
01000111101100
01001000100100
01001001010000
01001010000010
01001010100111
01001011000000
01001011011001
01001011101100
01001011111000
01001011111111
01001100001011
01001100001011
01001100010001
01001100011000
01001100011110
01001100100100
01001100101010
01001100110111
01001101000011
01001101001010
01001101010110
01001101011100
01001101101001
01001101101111
01001110000010
01001110001000
01001110010101
01001110011011
01001110100111
01001110101110
01001110111010
01001111000000
01001111000111
01001111010011
01001111011001
01001111100110
01001111101100
01001111111111
01010000000101
01010000010010
01010000011110
01010000101011
01010000110001
01010000111101
01010001000100
01010001010000
01010001010000
01010001010110
01010001100011
01010001101111
01010001101111
01010001111100
01010001110110
01010001101111
01010001101111
01010001100011
01010001011101
01010001001010
01010001000100
01010000111101
01010000110001
01010000100100
01010000001011
01010000000101
01001111111001
01001111110010
01001111100000
01001111011001
01001111001101
01001110111010
01001110111010
01001111000000
01001110111010
01001110110100
01001110100111
01001110100001
01001110010101
01001110000010
01001101110101
01001101101001
01001101010000
01001101000011
01001100101010
01000101110101
01001111110010
01011010000011
01001100001011
01010010100001
01010111111001
01011000000110
01011001110110
01100001000101
01100011000010
01011100110010
01011011100111
01011110101111
01011011100111
01100111101101
01110010111100
01111110000101
10000001011001
10000110110111
10010011111101
01111111010110
10001001100000
10001100011011
10001101110011
10001100100010
10001011110110
10001100101000
10001011110000
01111011001001
10000001001101
01111111000011
10000101111111
10001001100110
10001000100001
10001011000100
10000110111101
01111110110000
01111010000100
01111101001100
01111110111101
01111100001000
01111100011010
10000001010011
10001001101100
10001010100101
10000110000101
10000111101001
10001001001101
10000100101110
10000010100100
10000101100000
01111110100100
10000001000110
01111111101111
10000010111101
10000010101010
01111110010001
10000100110100
10000000010100
10000010011000
10010000011100
10001111110110
10010000101110
10001111011101
10001111010001
10001111110110
10001111000100
10001000101110
10000111100011
10001001100000
10001110001100
10010001011010
10001100101000
10000111101001
10001011100011
10001100111011
10001010011000
10000100011011
01111101000000
01110100000001
01101101110111
01101001100100
01100101100100
01100001111101
01011110110101
01011100011001
01011010000011
01011000001100
01010110011011
01010100111110
01010011101100
01010010101110
01010001110110
01010001000100
01010000011000
01001111100110
01001110111010
01001110011011
01001101111100
01001101100011
01001101000011
01001100110001
01001100011110
01001100001011
01001011111111
01001011111000
01001011101100
01001011101100
01001011011111
01001011001101
01001011000110
01001010111010
01001010101101
01001010011011
01001010001110
01000110100001
01000011001100
01000000001010
00111111101011
01000001010101
01000011011001
01000101111011
01001000011110
01001010100001
01001100011000
01001101110101
01001111000111
01010000000101
01010001010110
01010010010101
01010011000001
01010011100110
01010011111111
01010100010010
01010100101011
01010100110111
01010101001010
01010101010111
01010101011101
01010101101001
01010101111100
01010110001001
01010110010101
01010110100010
01010110101000
01010110110100
01010110111011
01010110111011
01010110110100
01010110110100
01010110101000
01010110001111
01010101111100
01010110101110
01010111001101
01010111100110
01010111111111
01011000010010
01011000011000
01011000101011
01011000111000
01011000111110
01011000111110
01011001001010
01011001011101
01011001101010
01011001110110
01011010001001
01011010011100
01011010100010
01011010110101
01011011000001
01011011010100
01011011101101
01011100000110
01011100011111
01011100111110
01011101010111
01011101101010
01011110000011
01011110010110
01011110011100
01011110010110
01011110010110
01011110001111
01011110001001
01011101110110
01011101101010
01011101011101
01011101010001
01011101000100
01011100111110
01011100110010
01011100101011
01011100100101
01011100011111
01011100010010
01011100000110
01011100000000
01011001111100
01010101110110
01010010010101
01001111011001
01001100111101
01001011000110
01001001100010
01001000010111
01000111011001
01000110101101
01000110001110
01000101110101
01000101100010
01000101011100
01000101100010
01000101100010
01000101101000
01000101110101
01000110001000
01000110010100
01000110101101
01000110111010
01000111001100
01000111011001
01000111011111
01000111100101
01000111111000
01000111111110
01001000001011
01001000010111
01001000011110
01001000011110
01001000000101
01000101011100
01000100001011
01000101001001
01000101000011
01000101001111
01000101100010
01000101111011
01000110010100
01000110100001
01000110101101
01000110111010
01000111000110
01000111010011
01000111011111
01000111110010
01000111111000
01001000000101
01001000001011
01001000010111
01001000100100
01001000101010
01001000110000
01001000111101
01001001000011
01001001001001
01001001010000
01001001010000
01001001010110
01001001010000
01001001000011
01001000111101
01001000110111
01001000101010
01001000100100
01001000010111
01001000001011
01000111111110
01000111101100
01000111011111
01000111010011
01000111000110
01000110111010
01000110100111
01000110100001
01000110010100
01000110001000
01000110000001
01000101101111
01000101100010
01000101010110
01000101001111
01000101000011
01000100110110
01000100110000
01000100100100
01000100011101
01000100010001
01000100001011
01000011111110
01000011111000
01000011110010
01000011101011
01000011011111
01000011011001
01000011001100
01000011000110
01000011000000
01000010110011
01000010101101
01000010100111
01000010011010
01000010011010
01000010001110
01000010000111
01000010000001
01000001110101
01000001101110
01000001101000
01000001100010
01000001011100
01000001010101
01000001001001
01000001000011
01000000111100
01000000110000
01000000110000
01000000101010
01000000011101
01000000010111
01000000010001
01000000001010
01000000000100
00111111111110
00111111111000
00111111110001
00111111101011
00111111100101
00111111011111
00111111011000
00111111010010
00111111001100
00111111000110
00111110111111
00111110111001
00111110110011
00111110101101
00111110100110
00111110100110
00111110011010
00111110010100
00111110010100
00111110001101
00111110001101
00111110000111
00111110000001
00111101111011
00111101111011
00111101101110
00111101101000
00111101100010
00111101100010
00111101011011
00111101011011
00111101010101
00111101001111
00111101001001
00111101001001
00111101000010
00111100111100
00111100110000
00111100101001
00111100101001
00111100100011
00111100100011
00111100100011
00111100000100
00111011100101
00111011100101
00111011100101
00111011010010
00111011001100
00111011001100
00111011010010
00111011001100
00111011001100
00111011001100
00111011001100
00111011001100
00111011000101
00111011000101
00111010111111
00111010111001
00111010111001
00111010111001
00111010110011
00111010101100
00111010101100
00111010101100
00111010100110
00111010100110
00111010100000
00111010011010
00111010010011
00111010001101
00111010000111
00111010000111
00111010000111
00111010000001
00111010000001
00111001110100
00111001110100
00111001101110
00111001101110
00111001101000
00111001101000
00111001100001
00111001011011
00111001010101
00111001001111
00111001001111
00111001001000
00111001001000
00111001000010
00111001000010
00111000111100
00111000111100
00111000110110
00111000110110
00111000110110
00111000101111
00111000101001
00111000100011
00111000011101
00111000011101
00111000010110
00111000010000
00111000010000
00111000001010
00111000000100
00110111111101
00110111110111
00110111110001
00110111110001
00110111101011
00110111101011
00110111101011
00110111100100
00110111011110
00110111011110
00110111011110
00110111011000
00110111001011
00110111001011
00110111000101
00110111000101
00110110111001
00110110111001
00110110111001
00110110110010
00110110101100
00110110100110
00110110100110
00110110100110
00110110100000
00110110100000
00110110011001
00110110010011
00110110011001
00110110010011
00110110001101
00110110001101
00110110000111
00110110000000
00110110000000
00110110000000
00110101111010
00110101111010
00110101110100
00110101101110
00110101101110
00110101100111
00110101100111
00110101100111
00110101011011
00110101011011
00110101011011
00110101010101
00110101010101
00110101001110
00110101001110
00110101001110
00110101001000
00110101000010
00110101000010
00110100111100
00110100111100
00110100111100
00110100110101
00110100110101
00110100110101
00110100101111
00110100101001
00110100101001
00110100100011
00110100100011
00110100011100
00110100011100
00110100010110
00110100010110
00110100010110
00110100010000
00110100010000
00110100001010
00110100001010
00110100000011
00110100000011
00110100000011
00110011111101
00110100000011
00110011111101
00110011110111
00110011110111
00110011110001
00110011110001
00110011101010
00110011101010
00110011100100
00110011100100
00110011011110
00110011011110
00110011011000
00110011011000
00110011011000
00110011001011
00110011001011
00110011001011
00110011000101
00110010111111
00110010111111
00110010111000
00110010111000
00110010111000
00110010110010
00110010101100
00110010101100
00110010101100
00110010101100
00110010100110
00110010100110
00110010011111
00110010100110
00110010011111
00110010011001
00110010011001
00110010011111
00110010011001
00110010010011
00110010010011
00110010010011
00110010001101
00110010001101
00110010001101
00110010000110
00110010000000
00110010000000
00110001111010
00110010000000
00110001111010
00110010000000
00110001111010
00110001111010
00110001110011
00110001110011
00110001110011
00110001101101
00110001101101
00110001101101
00110001100111
00110001100111
00110001100001
00110001100001
00110001011010
00110001011010
00110001010100
00110001010100
00110001010100
00110001001110
00110001001110
00110001001110
00110001001110
00110001001000
00110001001000
00110001000001
00110001000001
00110001000001
00110000111011
00110000111011
00110000111011
00110000110101
00110000110101
00110000101111
00110000101111
00110000101111
00110000101000
00110000101111
00110000101000
00110000101000
00110000101000
00110000100010
00110000100010
00110000100010
00110000100010
00110000011100
00110000011100
00110000010110
00110000010110
00110000011100
00110000010110
00110000001111
00110000001111
00110000001111
00110000001001
00110000001001
00110000001001
00110000001001
00110000000011
00110000000011
00110000000011
00101111111101
00101111111101
00101111111101
00101111111101
00101111111101
00101111110110
00101111110110
00101111110110
00101111110000
00101111110000
00101111110000
00101111110000
00101111110000
00101111101010
00101111101010
00101111101010
00101111100100
00101111100100
00101111100100
00101111100100
00101111011101
00101111010111
00101111010111
00101111010111
00101111010001
00101111001011
00101111001011
00101111001011
00101111000100
00101111000100
00101110111110
00101110111110
00101110111110
00101110111000
00101110111000
00101110110010
00101110110010
00101110110010
00101110110010
00101110101011
00101110101011
00101110101011
00101110101011
00101110100101
00101110101011
00101110100101
00101110100101
00101110011111
00101110100101
00101110011111
00101110011001
00101110011111
00101110011001
00101110011001
00101110011001
00101110010010
00101110010010
00101110010010
00101110001100
00101110001100
00101110010010
00101110000110
00101110001100
00101110001100
00101110000110
00101110000110
00101110000110
00101110000110
00101110000110
00101110000110
00101110000110
00101110000000
00101110000000
00101101111001
00101110000000
00101101111001
00101101111001
00101101111001
00101101111001
00101101110011
00101101110011
00101101101101
00101101101101
00101101101101
00101101100111
00101101101101
00101101100111
00101101101101
00101101101101
00101101100111
00101101100111
00101101101101
00101101100111
00101101100000
00101101100000
00101101100000
00101101100000
00101101100000
00101101100000
00101101011010
00101101011010
00101101011010
00101101011010
00101101011010
00101101011010
00101101010100
00101101010100
00101101010100
00101101001110
00101101001110
00101101000111
00101101001110
00101101001110
00101101000111
00101101000001
00101101000111
00101101000001
00101101000001
00101101000001
00101101000001
00101100111011
00101100111011
00101100111011
00101100110101
00101100111011
00101100110101
00101100110101
00101100110101
00101100110101
00101100110101
00101100110101
00101100110101
00101100101110
00101100101110
00101100101110
00101100101110
00101100101000
00101100101000
00101100101000
00101100101000
00101100101000
00101100100010
00101100100010
00101100100010
00101100100010
00101100100010
00101100011100
00101100100010
00101100011100
00101100100010
00101100100010
00101100100010
00101100101000
00101100100010
00101100100010
00101100101000
00101100101000
00101100100010
00101100100010
00101100100010
00101100101000
00101100100010
00101100100010
00101100011100
00101100100010
00101100100010
00101100100010
00101100100010
00101100011100
00101100011100
00101100011100
00101100011100
00101100011100
00101100011100
00101100010101
00101100010101
00101100010101
00101100010101
00101100001111
00101100001111
00101100010101
00101100010101
00101100010101
00101100001111
00101100010101
00101100001111
00101100001111
00101100001111
00101100001001
00101100001111
00101100010101
00101100010101
00101100001111
00101100001111
00101100010101
00101100001111
00101100010101
00101100010101
00101100010101
00101100010101
00101100001111
00101100010101
00101100010101
00101100010101
00101100011100
00101100010101
00101100001111
00101011110110
00101011111100
00101100000011
00101100000011
00101100000011
00101100000011
00101100000011
00101100000011
00101100000011
00101100000011
00101100000011
00101100000011
00101100000011
00101100000011
00101100000011
00101100000011
00101100000011
00101100000011
00101100001001
00101100000011
00101100001001
00101100001001
00101100001001
00101100001001
00101100001001
00101100001001
00101100000011
00101100000011
00101100000011
00101100001001
00101100001001
00101100000011
00101100001001
00101100000011
00101011110110
00101011111100
00101011111100
00101011110110
00101011111100
00101011111100
00101011111100
00101011110110
00101011111100
00101011110110
00101011111100
00101100000011
00101100000011
00101100001001
00101100001001
00101100001001
00101100000011
00101100000011
00101100001001
00101100001001
00101100001001
00101100001001
00101100001001
00101100001001
00101100000011
00101011111100
00101011111100
00101011111100
00101011110110
00101011110110
00101011110000
00101011110110
00101011110110
00101011110110
00101011110110
00101011110000
00101011110110
00101011110110
00101011110110
01000010111001
01000011010010
01001010001110
01001000010001
01001001111011
01001010111010
01001010001110
01010010000010
01010001101001
01010110000010
01011011100000
01011011011010
01011100101011
01011010100010
01011011100111
01011110110101
01011100101011
01100101010111
01100111110100
01101000010011
01100100011111
01101111101000
01110100110011
01110010011101
01110001110111
01110100100000
01110110101010
01110011100010
01110101010010
10000100101110
01101111111010
01111100010100
01111100100001
10000000011011
10000000110100
10000011101001
10001010110001
10000100011011
10001010011000
01111010110110
10000000100001
10001011001010
10001000100001
10001000001111
01110111000011
01101111010101
10001000111010
10010101001110
10010010110010
10011101011011
10000001101100
10000101000111
10000001101100
10010101100111
10100000000100
10100010101100
10011110000111
10010101001000
10010110011001
10001011101001
10001001110011
10001100001001
10010110001100
10011101111010
10100010110011
10100001101110
10100010001101
10000101110010
10011000000011
10011111010010
10100000111100
10100001100001
10100000110110
10100000101111
10100000110110
10100000101001
10100000101111
10100000110110
10100000010110
10100000010110
10100000000100
10011111110111
10100010101100
10100100011101
10100101001111
10100101010101
10100110001101
10100100001010
10100100001010
10100101000010
10100101001001
10100101010101
10100101001001
10100101001111
10100101101000
10100101111011
10100101101110
10100101110100
10100110111001
10100111000110
10100111011000
10100111101011
10100101101110
10100101001001
10100101101000
10100101101000
10100110000001
10100110100110
10100110111111
10100111001100
10100110100110
10100110100110
10100110101101
10100110100000
10100110111111
10100111111110
10101000111100
10011010101100
10100101010101
10101000101010
10101001100010
10100111110001
10100110100000
10100101100010
10100101100010
10100101010101
10100101100010
10100110000111
10100110001101
10100110000111
10100110100110
10100110110011
10100110100000
10101001000011
10110000010111
10110001010110
10110001000011
10110000110111
10110000011110
10110000001011
10101111110010
