0101010101110
0100000110100
1001001010000
0100100101000
0101111010011
0111101000010
0100001100100
0100101011001
1000011111010
0100000110100
0100011110111
0101001111110
1000110111101
0100011110111
0100101011001
1000000110110
0100100101000
0100000110100
0100000000011
0100000000011
0111100010001
0100011110111
0100011000110
0100001100100
1000100101011
0100100101000
1000110111101
0110111101100
0100000000011
1001000011111
0111010110000
1001001010000
0100010010101
0100001100100
0100011110111
1000100101011
0100010010101
0100010010101
0100011110111
1000101011011
0100001100100
0011111010010
0111000011101
0100001100100
0100000110100
0011111010010
0100000110100
0100110001001
0100011000110
0100000000011
0110011000111
0101001001101
0100001100100
0111001001110
0101001001101
0100000110100
0100001100100
1000111101110
1000001100111
0110110111100
0100001100100
0110000110101
0100000000011
0101001001101
1001010110001
0100000000011
0110011000111
1000110001100
0100000000011
0110001100110
0100110111010
0110000000100
0110000000100
0111010110000
0110000000100
0110110111100
0100000000011
0100001100100
0100110001001
1000010011000
0111011100001
0100111101011
0100011000110
0011111010010
0111001001110
1000011111010
0110011000111
0011111010010
0011111010010
0111001001110
0101101110010
0011111010010
0100011000110
0100011000110
0011111010010
0100010010101
0100001100100
0100000000011
0111101110011
0100000110100
0100100101000
0111001001110
1000011111010
0100110001001
0100010010101
0111001111111
1001000011111
0100000000011
0011110100001
0100000110100
0100000110100
0011111010010
0101001001101
0110111101100
0110011111000
0111001001110
0100001100100
0100000000011
0101011011111
0011111010010
1000111101110
0100001100100
1000000110110
0111110100100
0100001100100
0011111010010
0111101000010
0100000000011
0011111010010
0100000000011
0100100101000
0011111010010
1000100101011
0100000000011
0110011111000
1001010000000
0110101011010
0110000110101
0111001111111
0100000000011
1000000110110
0100100101000
0101000011100
0100000000011
0100001100100
0101101000001
1000000110110
0100001100100
0100000000011
0100000000011
0100011000110
1000001100111
0100110111010
0100000000011
0100011000110
0100001100100
0100110001001
0100011110111
0100000000011
0100011000110
0100110001001
0100110001001
1001010000000
0100011110111
0100000110100
0100111101011
0100010010101
0100010010101
0100101011001
0100011110111
0110010010111
1000000000110
0110011111000
0111000011101
0100010010101
0100000110100
0100011000110
0100110001001
0111010110000
0101010101110
0100010010101
0100011000110
0100110001001
0100011110111
0101000011100
0100001100100
0100010010101
0110000110101
0100001100100
0110110001011
0100111101011
0100010010101
1000110001100
0101001001101
0101110100011
0101110100011
0111100010001
0100011000110
0110010010111
0100001100100
1000110111101
0100101011001
1001000011111
0100100101000
0111000011101
0100110001001
1000101011011
0101001001101
0110011000111
0110100101001
0100001100100
0101010101110
0111001111111
0100001100100
0111101000010
0101100010000
0100011000110
0100011110111
0110110001011
0101111010011
0101000011100
0101001001101
1000110001100
0100011000110
0110011111000
0100011110111
0100011000110
0111101000010
1000110001100
1000101011011
0100011110111
0111001111111
0101000011100
0111000011101
0100011110111
0100110111010
0110110001011
0101001001101
0100110111010
0100011000110
1001000011111
0100011000110
0100011000110
0110111101100
0100011000110
0100111101011
0100101011001
0101000011100
0110100101001
0100011000110
0100011000110
0100011110111
0101111010011
0110110001011
0100100101000
0100011000110
1000100101011
0100100101000
0101001001101
0100011000110
0100011110111
0100011000110
0110011000111
0100110001001
0110100101001
0100011000110
0100011000110
0101001001101
0100011000110
1000000000110
0100100101000
0100011110111
0100011000110
0101000011100
0110110001011
1000101011011
0110000110101
1000010011000
0100011110111
0100111101011
1000000000110
0111000011101
0111001001110
0100011110111
0100011000110
1000010011000
0101100010000
0110100101001
0100100101000
0100100101000
0101000011100
0100011110111
0110000110101
0100110111010
0100011000110
0100011110111
1000000110110
0110110001011
0101010101110
0101010101110
0101001111110
0100110001001
0100111101011
1000011111010
0100110001001
0100111101011
0100110111010
1000100101011
0111101000010
0100110001001
0111101110011
1000100101011
0110110001011
0101000011100
0100101011001
0111001111111
0100111101011
0110110111100
0100111101011
0100011110111
0100011110111
1000011111010
0100100101000
0100101011001
0100111101011
0100111101011
0100110001001
1000110111101
0110011111000
0101010101110
0100011000110
1000110111101
0101100010000
0101000011100
0100011110111
0110011000111
0110010010111
0100011000110
0111001111111
0100011000110
0110101011010
1000110111101
1000000110110
0100110001001
0100111101011
0101101110010
0111110100100
0101001001101
0100111101011
0101001001101
1001000011111
0101001111110
0100100101000
0101001111110
0100100101000
0101001111110
0100111101011
0110111101100
1000010011000
1000110111101
0111101000010
0111001111111
0101000011100
0100011110111
0110111101100
0101001111110
1000100101011
0110101011010
0100011110111
0100011000110
0100110111010
0100100101000
0100110001001
0100101011001
0101001111110
0110000110101
0101001001101
0101001111110
0110100101001
0101010101110
0111011100001
0101100010000
0100110001001
0100011110111
0100011110111
0100101011001
0100111101011
0101000011100
0101001111110
0101101110010
0100101011001
0100110001001
0101011011111
0101001111110
0100011110111
0100100101000
0101001111110
0110100101001
0110001100110
0111001001110
0111011100001
0100011110111
0100100101000
0101100010000
0101010101110
0100110001001
0110110001011
0101001111110
0100101011001
0101010101110
0100110111010
0100110111010
0110011000111
1000011111010
0100011110111
0101010101110
0100011110111
0100011110111
1000110001100
0110101011010
0101000011100
0100111101011
0110000110101
0101011011111
1000100101011
0100111101011
0100101011001
0100100101000
0111001001110
0100100101000
0100110111010
0100100101000
0101000011100
0101010101110
0100100101000
0101000011100
0100011110111
0100110001001
1000001100111
0101101110010
0100011110111
0100011000110
1001000011111
1000100101011
0100011110111
0100011000110
0111101110011
0101111010011
0110011111000
0100110001001
0111100010001
1000111101110
1000011111010
0111011100001
0111101110011
0101010101110
0100011110111
0111010110000
0100011000110
0110001100110
0100110001001
1000100101011
0110000000100
0101001111110
0100100101000
0110000000100
0110110001011
1000110001100
0101101110010
0100111101011
0100101011001
0100110111010
0100101011001
0101100010000
0100011110111
0110011111000
0100011110111
0100111101011
0100011110111
0110110111100
0100101011001
0111000011101
0100011000110
0100011000110
0100101011001
0100111101011
1000000110110
0110001100110
1000011111010
0100111101011
0100011110111
0100111101011
0101001001101
0100111101011
1000011001001
0101101000001
0101010101110
0101111010011
0100110001001
0101101110010
1000010011000
0110011111000
0100011110111
0100011110111
0111001001110
0101001001101
1000001100111
0100011000110
0100011110111
1000011111010
0111010110000
0100011110111
1000000110110
0100011000110
0101001111110
1000011001001
0100101011001
0110000000100
0100110001001
0101010101110
0100111101011
0100100101000
0101010101110
0101010101110
0100110111010
0101101110010
0101100010000
0100110111010
0111001111111
0110110111100
0100010010101
0100011110111
0101001001101
1001001010000
1000110111101
0101001111110
0100100101000
0101011011111
0110110001011
0100100101000
1000011001001
0111101110011
0100100101000
0100110001001
0111111010101
0101110100011
0101110100011
0101110100011
0101110100011
0101110100011
0101110100011
0101110100011
0101110100011
0101110100011
0101111010011
0101110100011
0101110100011
0101110100011
0101111010011
0101111010011
0101110100011
0101111010011
0101111010011
0101111010011
0101111010011
0101111010011
0101111010011
0101111010011
0101111010011
0110000000100
0110000000100
0110000000100
0101111010011
0101111010011
0110000000100
0110000000100
0101111010011
0110000000100
0110000000100
0110000000100
0101111010011
0101111010011
0101111010011
0110000000100
0110000000100
0110000000100
0110000000100
0110000000100
0110000000100
0110000000100
0110000000100
0110000000100
0101100010000
0110000110101
0101000011100
0101000011100
0101010101110
0101010101110
0101011011111
0110010010111
0110001100110
1000110111101
0101100010000
0110001100110
0101010101110
0101001001101
1000011001001
0101111010011
0101101000001
0101110100011
0101101110010
0110110111100
1001101000100
1000110111101
0110000110101
0101011011111
0101001111110
0110111101100
0101000011100
0101001001101
0101000011100
0111010110000
0101001001101
1000000110110
0101001001101
0101001111110
0111001111111
0101010101110
0101001111110
0101001111110
0101100010000
0110000000100
0110000110101
0101001001101
0101100010000
0110001100110
1000011001001
0111001111111
1000011111010
0110011000111
1000011001001
0101010101110
0110000110101
1001000011111
0101011011111
0101010101110
0101111010011
1001011100010
1001010110001
0101010101110
0111010110000
1000000000110
0110010010111
0110000110101
0101101000001
0101101000001
0110001100110
0101110100011
0111001001110
0101101000001
0110000110101
0101101000001
1000000000110
0111100010001
1000100101011
0110110001011
0101011011111
0110010010111
0101101000001
0110001100110
0101101110010
0110100101001
1000110001100
0101101110010
0101101110010
0101101110010
0110100101001
0110000110101
0110011000111
0110101011010
0110011111000
0110100101001
0110000110101
1000001100111
0101110100011
0110011111000
0110100101001
0110011000111
0110000000100
0110101011010
1001101110100
0110110111100
0110010010111
1001100010011
0110001100110
0110110001011
0110111101100
0111000011101
0111000011101
0110010010111
0110111101100
0110010010111
0110011000111
0111101110011
0110001100110
0110111101100
0111001111111
0111000011101
0111110100100
0110011000111
1000010011000
0110011000111
0110000000100
1000101011011
0110100101001
0111000011101
1001000011111
0101100010000
0110101011010
0101011011111
0101111010011
0110011111000
0110011000111
0111000011101
0101100010000
0101110100011
0101111010011
0110001100110
0111101110011
0110100101001
0110000110101
0110001100110
0110100101001
0110000110101
0110000000100
1000000000110
0101100010000
0101101110010
0101011011111
0110001100110
0101100010000
0110001100110
0110010010111
0110100101001
0101010101110
0110011000111
0110110001011
0111000011101
0101011011111
0110100101001
0101111010011
0101110100011
0101100010000
0110010010111
0110100101001
0101011011111
0101011011111
0110011111000
0101100010000
0101101110010
0101011011111
0110011000111
0101100010000
0101011011111
0111010110000
0110110111100
0110100101001
0110010010111
0110011000111
0101111010011
0111101000010
0110000000100
0110011000111
0101110100011
0111110100100
0110000110101
0110001100110
0111100010001
0110010010111
1000101011011
0110000000100
0110001100110
0101101000001
0110011000111
0110000110101
0110000110101
0110000000100
0110000110101
0110000110101
0101100010000
0110101011010
0101101110010
0101110100011
0110011000111
0110000110101
0101101000001
0101100010000
0111111010101
0101101110010
0110011000111
0101101110010
0101100010000
0110001100110
1000101011011
1000110001100
0101100010000
0101101000001
0110011111000
0111111010101
0110010010111
0110100101001
0101100010000
1001000011111
0101100010000
0110000000100
0101101000001
0101110100011
0111100010001
0101101000001
1000101011011
0110101011010
0110011111000
1000111101110
0101111010011
0110001100110
1000111101110
0101101000001
0101101000001
0110000000100
0101101000001
0111111010101
0110100101001
0110000110101
0110100101001
0110011111000
0110000000100
1000110111101
0101101000001
0110011111000
0110010010111
0101101110010
0101100010000
0110001100110
0110110111100
0101100010000
1001000011111
0101100010000
0101101110010
1000011111010
0101101110010
0101101110010
0110000110101
0110100101001
0101100010000
1001000011111
0101101110010
0101111010011
0101101000001
0111001001110
0110000000100
0101111010011
0111101110011
0111000011101
0110000000100
0110100101001
1000011111010
0111010110000
0110000110101
0110000000100
0111111010101
0101101110010
0110010010111
0111001111111
0110010010111
0110100101001
1000011111010
0110010010111
0101101110010
0111101000010
0110110001011
0110011111000
0110101011010
1000000110110
0111011100001
0110000110101
1000000110110
1000011001001
0101111010011
0110111101100
0110000110101
0101101110010
0110011000111
0101111010011
0110011000111
0110001100110
0110111101100
0110111101100
1000000000110
0110011111000
0110001100110
0110011111000
0110110001011
0110011000111
0110001100110
0111001111111
0110000110101
0110110001011
0110010010111
1000111101110
1000010011000
0110011111000
0110100101001
0110010010111
1000011001001
0110010010111
0110000110101
0110001100110
0110001100110
1000001100111
0111001001110
1000000000110
0111001001110
0110010010111
0110000110101
0111000011101
0110110001011
0110011000111
0111000011101
0111001111111
0110001100110
0110110111100
1000011001001
1000100101011
0110001100110
0111001001110
0110101011010
0110010010111
0110101011010
1000110001100
1000000000110
0110110111100
0111000011101
0111100010001
0110011111000
0110110001011
0110110001011
0111011100001
1000101011011
0110000110101
0111001001110
0110011000111
0110000110101
0110111101100
0110110111100
1000110111101
0111110100100
0110000110101
0110000110101
1000111101110
0110000110101
0110001100110
0111000011101
0110111101100
0110110001011
0111000011101
0110000110101
0110100101001
1000101011011
0110011111000
0110000110101
0110000110101
0110101011010
1000110111101
0110011111000
0110011111000
0110010010111
0111111010101
0110101011010
0110111101100
0110111101100
0110100101001
0110000110101
0110000110101
0111001001110
0110011111000
1000011111010
0110001100110
0111000011101
0111001001110
1000011001001
0110000000100
1000111101110
0110001100110
0110011000111
0110011000111
0110101011010
0110001100110
0111000011101
1000000000110
0110100101001
0110101011010
0110011000111
0110011111000
0110000000100
0111000011101
0110010010111
1000100101011
0110000000100
1000100101011
0110000000100
1000001100111
0110010010111
0111001111111
0111001001110
0110100101001
0111101110011
0111101000010
0110111101100
0111000011101
0110101011010
0111000011101
0110100101001
0110000110101
0110001100110
0110000110101
0110000110101
0110000110101
1000011111010
0111110100100
1000100101011
0110101011010
0111011100001
0110110001011
0111001001110
0110000110101
0110000110101
0110001100110
0110001100110
0111001111111
0110000110101
0111001001110
0110000110101
0110111101100
0110011111000
0110000110101
0111101000010
0111000011101
0110000110101
0110011111000
0110000110101
0111000011101
0110010010111
0111000011101
0110010010111
1000110111101
0110011000111
0110110111100
0111100010001
0110111101100
0111000011101
0110011111000
0111100010001
0110110001011
1000100101011
0110011111000
0110001100110
0110011111000
0110111101100
0110111101100
0110000110101
0110000110101
0110000110101
0110100101001
0110000110101
0110101011010
1000011111010
0110000110101
0110110111100
0111000011101
0110001100110
0110000110101
1000011111010
0110011000111
0111000011101
0110011111000
0110000110101
0110101011010
0111011100001
0111000011101
0110100101001
0111000011101
0110000110101
0110000110101
0110010010111
1000010011000
0110000110101
0111001111111
0110001100110
1000101011011
0111001111111
0110001100110
0110111101100
0111001111111
0110010010111
1000000110110
0110011000111
0110011111000
0110100101001
0111000011101
0111000011101
0111010110000
1000110001100
0110001100110
0111101110011
0110001100110
0111001111111
0110011111000
0110010010111
0110110111100
0111001111111
1000011001001
0110111101100
0110011000111
0110001100110
0111111010101
0111000011101
0110011000111
0110001100110
0111100010001
0110101011010
0110010010111
0111010110000
0110011000111
0110110111100
0111011100001
0110011111000
0110001100110
0110111101100
0111101110011
0111101110011
0110101011010
0110100101001
0111101110011
0110010010111
0110101011010
0111101110011
0110110001011
0110110001011
1000011001001
0111010110000
0111000011101
0110110001011
0111111010101
0110100101001
0111101000010
1000110111101
0110011000111
0110011000111
0110111101100
0110110001011
0110100101001
0110101011010
0110110001011
0111001001110
1000000000110
0111010110000
0111001001110
0111001001110
0111001001110
0111000011101
0110001100110
0110010010111
1000001100111
0111001111111
0110110001011
0110011111000
0110010010111
0110010010111
0110110001011
0110011000111
0110100101001
0110010010111
0110111101100
0111010110000
0111001111111
1000000110110
0110010010111
0111000011101
0110110001011
0111000011101
0110011111000
0110110001011
1000110001100
0110010010111
0110111101100
0111000011101
0110111101100
0110110001011
1000110111101
0110011111000
0110100101001
0110011111000
0110100101001
0110110001011
0110100101001
0110110001011
0111100010001
0110011000111
0110110001011
0110110111100
0111010110000
0110001100110
0110101011010
0111000011101
0111101110011
0111000011101
0111100010001
0110001100110
0110011000111
0110000110101
0110011000111
0110101011010
0110110001011
0110001100110
0110001100110
0110001100110
0110010010111
0110001100110
1000110001100
0110010010111
1000000000110
0110101011010
0110011000111
0110101011010
0111001111111
0110010010111
0110011111000
0111001001110
1000000000110
0110010010111
0110010010111
0111000011101
0110010010111
0111001001110
1000100101011
0111001111111
0110011000111
0110111101100
0110001100110
0111001111111
0110001100110
0110011111000
1000101011011
0111001111111
0110100101001
0111100010001
0110010010111
1000011001001
0110110001011
0110101011010
0110011000111
1000000000110
0110101011010
1000001100111
0111110100100
0110101011010
0110010010111
0110110111100
0111001111111
0110101011010
0110011000111
0110100101001
0110110111100
0111010110000
0110010010111
0110001100110
1000001100111
0110110111100
0111111010101
0111001111111
0110011000111
1000011001001
0111111010101
0111000011101
0110001100110
0111000011101
0110011000111
0110101011010
1000011001001
0110101011010
0111001001110
0111100010001
0110110001011
0111111010101
0111000011101
0110001100110
0110000110101
0111001001110
0111011100001
0110110111100
1000110111101
0110101011010
0110011000111
0110000110101
0110101011010
0110011111000
0110011111000
0110110111100
0111110100100
1000000000110
0110111101100
0111001111111
0110001100110
0110111101100
1000000000110
0111001111111
0110011111000
0110110111100
0110100101001
0110010010111
0110111101100
0111001111111
0110011111000
0111100010001
0111001111111
0111010110000
0110011111000
0110001100110
0110111101100
0110000110101
0110001100110
0111001001110
0110001100110
0110101011010
0110100101001
0111001111111
0110101011010
0110010010111
0110101011010
0111100010001
0110110111100
0111101000010
0111100010001
0110010010111
0110011111000
0111110100100
0111001001110
0110100101001
0110010010111
0110000110101
1000101011011
0110001100110
0110000110101
0110000110101
0111010110000
0110000110101
0110001100110
0111001001110
0111011100001
0110001100110
0111000011101
0110011111000
0111000011101
0110100101001
0110110111100
0111000011101
0110001100110
0111110100100
0110000110101
0110011111000
0110000110101
0110001100110
0110101011010
0111000011101
1000101011011
0110000110101
0111000011101
0110100101001
0110000110101
0110110001011
0111000011101
0110011111000
0110101011010
0110010010111
0110110111100
0110001100110
0110100101001
0110111101100
0110010010111
1000101011011
0110011000111
0111101000010
0110110001011
0110101011010
0110001100110
1000101011011
0110000000100
0110100101001
1000011001001
0111010110000
0111000011101
0110100101001
0110000110101
0111001001110
0110111101100
0111100010001
0111100010001
0110010010111
0110011111000
0111101000010
0111001001110
0110100101001
0110100101001
0111001111111
0110000000100
0110000000100
0110000110101
0110110111100
0110011111000
0110111101100
0110111101100
0110011111000
0110001100110
0111000011101
0110000000100
0110010010111
0110001100110
0110110001011
0111000011101
0110111101100
0111010110000
1000100101011
0110100101001
0110110111100
0111000011101
0110010010111
0111000011101
0110001100110
0110000110101
0110000110101
0110101011010
0110000110101
0110101011010
0110010010111
0111001001110
0110111101100
0110010010111
0110000110101
0111001111111
0110111101100
0111001111111
0110011111000
0110111101100
0111100010001
0110011000111
0110011111000
0110000110101
0111010110000
0110010010111
0110110111100
0110011111000
0110100101001
0110011000111
0111010110000
1001000011111
0110011111000
0110010010111
0111001001110
0111010110000
0111010110000
0111001001110
0110110111100
0110111101100
1000001100111
0110010010111
0110011000111
1000111101110
0110001100110
0110001100110
0110111101100
0111011100001
0110110001011
0110110111100
0110011000111
0111101110011
0110001100110
1000100101011
0110010010111
0110100101001
0110001100110
0110111101100
0110011000111
0110011000111
0111000011101
0111110100100
0111011100001
0110001100110
0110100101001
0110100101001
0110011000111
0110010010111
1001010000000
0111001111111
0111010110000
1001001010000
0110011111000
0111011100001
1000011001001
0110011000111
0110010010111
0110011111000
1001000011111
0110011111000
0110001100110
0110101011010
0110010010111
0110011000111
1001010110001
0110010010111
0111001111111
1001011100010
0110110001011
0111010110000
0110110001011
1001101000100
0110001100110
0111000011101
0110100101001
0110011000111
0110110111100
0110010010111
0110110111100
0111010110000
0111001001110
0111001001110
0111001111111
0110110111100
0110100101001
0110111101100
0110101011010
0110111101100
0110011000111
0111011100001
0110110001011
0110011000111
0111100010001
0111010110000
1000100101011
0111001111111
0110101011010
0110011000111
1000111101110
0110011111000
0110010010111
0110011111000
0110110111100
0111000011101
0110101011010
0111100010001
0110010010111
0111001001110
0110111101100
0110110111100
0111101000010
0111010110000
0111101000010
0110011111000
1000100101011
0111011100001
1001101000100
0110011111000
0110111101100
0110011111000
1000110001100
0110110001011
0110100101001
1000001100111
0111000011101
0110111101100
0110101011010
0110100101001
1000110001100
0110101011010
0110100101001
1000111101110
0110101011010
0111101000010
0111000011101
0111001111111
0110110001011
0110110111100
0110110001011
0111111010101
1001011100010
0110111101100
0110110001011
0111000011101
0111100010001
0111101110011
0111000011101
0111011100001
1000110111101
0110101011010
0111001111111
0111011100001
1001001010000
0110101011010
0110101011010
0111101000010
0111000011101
1000100101011
0111000011101
0111000011101
1001101000100
0111001001110
0110110001011
0110100101001
0111000011101
0110101011010
1000110111101
0110011111000
0111001001110
0110101011010
0111010110000
0111100010001
0110011111000
0110011111000
0111001001110
0110101011010
0111001001110
0111101000010
0110111101100
1001100010011
0111001111111
0110110111100
0110011000111
0110100101001
0111000011101
0110011111000
1000101011011
0110011000111
0110011111000
0111100010001
1000100101011
1001000011111
0111100010001
0111100010001
0110101011010
0111011100001
0110100101001
0111010110000
0111011100001
0110011111000
0110100101001
0111101000010
0110111101100
0111101000010
1000001100111
0111001001110
0110110001011
1001000011111
0110100101001
0111001001110
1000111101110
0110111101100
0111110100100
0110101011010
0110011111000
0110100101001
0110110111100
0111101000010
0110110111100
1000111101110
0111001111111
1000100101011
0110101011010
0111000011101
0111001001110
0110011111000
0111000011101
0111100010001
0111000011101
0110101011010
0110111101100
0110110001011
1000110001100
0110110001011
0110011111000
0111110100100
0111010110000
0111000011101
0111100010001
1000001100111
0110110001011
1000110111101
1000011001001
0111101110011
1000110111101
0110011111000
0110011000111
0110011111000
